?
?
?
?
?
?
?
?
?
?
?
?
?
?
?
?
?
?
?
?
?
?
?
?
?
?
?
?
?
?
?
?
?
?
?
?
?
?
?
?
?
?
?
?
?
0.5968992248062015
0.5741444866920152
0.06976744186046512
0.29743589743589743
0.0
0.15
0.16279069767441862
0.06204379562043796
0.0
0.0
0.0
0.04182509505703422
0.11320754716981132
0.29533678756476683
0.2796610169491525
0.040229885057471264
0.0125
0.09124087591240876
0.25161290322580643
0.5290322580645161
0.1839080459770115
0.2885572139303483
0.23660714285714285
0.32903225806451614
0.14534883720930233
0.5511111111111111
0.16580310880829016
0.15920398009950248
0.0
0.0
0.025157232704402517
0.058333333333333334
0.3875
0.2
0.6205128205128205
0.0
0.23255813953488372
0.16140350877192983
0.058333333333333334
0.3080357142857143
0.26356589147286824
0.5989847715736041
1.0491071428571428
?
?
?
?
?
?
?
?
?
?
0.48186528497409326
0.12307692307692308
0.29559748427672955
0.3793103448275862
0.10945273631840796
0.4025157232704403
0.016666666666666666
0.48205128205128206
0.5958549222797928
0.0
0.0
0.0038022813688212928
0.0
0.0
0.0
0.005813953488372093
0.02242152466367713
0.6228813559322034
0.3870967741935484
0.2512820512820513
0.1065989847715736
0.0
0.17883211678832117
0.0
0.04912280701754386
0.0
0.0
0.0
0.16279069767441862
0.38953488372093026
0.07462686567164178
0.22279792746113988
0.2645161290322581
0.7033898305084746
0.18023255813953487
0.2222222222222222
0.0064516129032258064
0.0
0.11442786069651742
0.07614213197969544
0.16091954022988506
0.21025641025641026
0.38974358974358975
0.6434108527131783
0.7093023255813954
0.358974358974359
0.27011494252873564
0.15517241379310345
0.050761421319796954
0.2711864406779661
0.0
0.09580838323353294
0.242152466367713
0.17916666666666667
0.6222222222222222
0.10833333333333334
0.5089820359281437
0.9128205128205128
0.45595854922279794
0.03773584905660377
0.4708333333333333
0.31840796019900497
0.4230769230769231
0.5977011494252874
?
?
?
?
?
?
?
?
?
?
?
?
?
?
?
?
?
?
?
?
?
0.7846153846153846
0.47904191616766467
0.5465116279069767
0.25
0.5650224215246636
0.40304182509505704
0.41954022988505746
0.49032258064516127
?
?
?
?
?
?
?
?
?
?
?
?
?
0.12916666666666668
0.538135593220339
0.4256410256410256
0.0
0.0948905109489051
0.0
0.075
0.0
0.008333333333333333
0.012711864406779662
0.2153846153846154
0.30456852791878175
0.5492227979274611
0.21153846153846154
0.09125475285171103
0.0
0.15254237288135594
0.07614213197969544
0.057034220532319393
0.03225806451612903
0.2966101694915254
0.5044642857142857
0.23837209302325582
0.6415094339622641
0.07106598984771574
0.7230769230769231
0.2537313432835821
0.5574712643678161
0.6386861313868614
0.15025906735751296
0.03482587064676617
0.1320754716981132
0.6133333333333333
0.25961538461538464
0.2125
0.16774193548387098
0.07751937984496124
0.0
0.23766816143497757
0.0880503144654088
0.5472636815920398
0.28735632183908044
0.26424870466321243
0.04975124378109453
0.24528301886792453
0.09644670050761421
0.4807692307692308
0.050761421319796954
0.6256410256410256
0.06091370558375635
0.3023255813953488
0.4562043795620438
0.0
0.08
0.005813953488372093
0.08955223880597014
0.03980099502487562
0.015503875968992248
0.40298507462686567
0.8616071428571429
?
?
?
?
?
?
?
?
?
?
?
?
?
?
?
?
?
0.06201550387596899
0.046511627906976744
0.0
0.0038022813688212928
0.005747126436781609
0.009615384615384616
0.21673003802281368
0.029850746268656716
0.3688888888888889
0.49056603773584906
0.20802919708029197
0.28488372093023256
0.0
0.004975124378109453
0.0
0.3601694915254237
0.015209125475285171
0.2
0.6547085201793722
0.48717948717948717
0.0
0.3081395348837209
0.02030456852791878
0.3313953488372093
0.34196891191709844
0.046511627906976744
0.040229885057471264
0.0051813471502590676
0.1377245508982036
0.4573643410852713
0.263681592039801
0.32642487046632124
0.25157232704402516
0.05472636815920398
0.07096774193548387
0.25112107623318386
0.0
0.1652542372881356
0.08982035928143713
0.36046511627906974
0.2935323383084577
0.3983050847457627
0.23870967741935484
0.125
0.4127906976744186
0.005747126436781609
0.515695067264574
0.4703389830508475
0.1346153846153846
0.27918781725888325
0.17490494296577946
0.25333333333333335
0.12790697674418605
0.32903225806451614
0.21025641025641026
0.15833333333333333
0.4233576642335766
0.22988505747126436
0.5511111111111111
0.2578616352201258
0.6453488372093024
0.35874439461883406
0.41935483870967744
0.0
0.06896551724137931
0.07664233576642336
0.0375
0.25157232704402516
0.6461538461538462
0.27918781725888325
0.7034883720930233
0.48205128205128206
0.6965174129353234
0.08982035928143713
0.25157232704402516
0.075
0.41346153846153844
0.5964125560538116
0.034482758620689655
0.05
0.7384615384615385
0.21705426356589147
0.6511627906976745
0.551094890510949
0.025
0.14728682170542637
0.1032258064516129
0.017241379310344827
0.26996197718631176
0.13953488372093023
0.0035087719298245615
0.4153846153846154
0.24817518248175183
0.2838983050847458
0.4051094890510949
0.005076142131979695
0.1935483870967742
0.48717948717948717
0.017964071856287425
0.13793103448275862
0.0
0.32642487046632124
0.0076045627376425855
0.23870967741935484
0.5689655172413793
0.05970149253731343
0.18631178707224336
0.3282051282051282
0.2838709677419355
0.5503875968992248
0.49032258064516127
0.1375
0.4258064516129032
0.27906976744186046
0.15416666666666667
0.4025423728813559
0.07784431137724551
0.34220532319391633
0.1346153846153846
0.017241379310344827
0.025806451612903226
0.1069182389937107
0.37209302325581395
0.2669491525423729
0.004975124378109453
0.2205128205128205
0.20207253886010362
0.04477611940298507
0.05389221556886228
0.0125
0.06395348837209303
0.11794871794871795
0.0
0.026615969581749048
0.007751937984496124
0.0
0.08387096774193549
0.0
0.022988505747126436
0.0
0.21532846715328466
0.09615384615384616
0.49740932642487046
0.026905829596412557
0.16666666666666666
0.6167883211678832
0.10222222222222223
0.01015228426395939
0.07751937984496124
0.16352201257861634
0.25
0.28888888888888886
0.29069767441860467
0.10576923076923077
0.2669491525423729
0.005076142131979695
0.031007751937984496
0.538860103626943
0.3574144486692015
0.06153846153846154
0.0076045627376425855
0.211864406779661
0.03482587064676617
0.1069182389937107
0.41968911917098445
0.6787564766839378
0.04583333333333333
0.2616279069767442
0.0
0.0
0.022988505747126436
0.0
0.007751937984496124
0.12280701754385964
0.2564102564102564
0.01935483870967742
0.15384615384615385
0.7333333333333333
0.4626865671641791
0.010362694300518135
0.09032258064516129
0.5889830508474576
?
?
0.4423076923076923
0.03076923076923077
0.5513307984790875
0.5897435897435898
0.045627376425855515
0.21393034825870647
0.1596958174904943
0.1897810218978102
?
?
?
?
?
?
?
0.8177966101694916
0.2641509433962264
0.1375
0.452914798206278
0.36496350364963503
0.38341968911917096
0.5279187817258884
?
?
?
?
?
?
?
?
?
?
?
?
?
?
?
?
?
?
?
?
1.053231939163498
0.65
0.49056603773584906
0.3333333333333333
0.3377777777777778
0.4
0.09125475285171103
0.20192307692307693
0.008333333333333333
0.35555555555555557
0.39622641509433965
0.7034883720930233
0.31794871794871793
?
0.6609195402298851
0.11538461538461539
0.4790874524714829
0.12
0.0
0.11026615969581749
0.01824817518248175
0.0
0.0
0.0
0.004975124378109453
0.10967741935483871
0.029166666666666667
0.19282511210762332
0.1791044776119403
0.5970149253731343
0.21875
0.12403100775193798
0.29559748427672955
0.11627906976744186
0.20348837209302326
0.0
0.04790419161676647
0.057692307692307696
0.39622641509433965
0.3559322033898305
0.8135593220338984
0.3419354838709677
0.29651162790697677
0.6564102564102564
0.11442786069651742
0.22413793103448276
0.2754237288135593
0.6256410256410256
0.3177966101694915
0.07784431137724551
0.0
0.37948717948717947
0.0375
0.05641025641025641
0.0
0.06666666666666667
0.038461538461538464
0.03482587064676617
0.20348837209302326
0.09615384615384616
0.22674418604651161
0.0
0.1839080459770115
0.0
0.18023255813953487
0.6412556053811659
0.22580645161290322
0.764102564102564
0.211864406779661
0.614406779661017
0.08333333333333333
0.15920398009950248
0.7232704402515723
0.10833333333333334
0.0044444444444444444
0.02666666666666667
0.029166666666666667
0.0
0.13503649635036497
0.20725388601036268
0.39086294416243655
0.031007751937984496
0.24352331606217617
0.3372093023255814
0.18604651162790697
0.12435233160621761
0.0
0.0
0.08759124087591241
0.0051813471502590676
0.11320754716981132
0.23555555555555555
0.4127906976744186
0.6368159203980099
0.3004484304932735
0.1319796954314721
0.0
0.13471502590673576
0.08121827411167512
0.36627906976744184
0.2389937106918239
0.08982035928143713
0.22580645161290322
0.13333333333333333
0.028846153846153848
0.04807692307692308
0.05747126436781609
0.03870967741935484
0.0
0.005076142131979695
0.0
0.031446540880503145
0.08653846153846154
0.16279069767441862
0.8307692307692308
0.5290697674418605
0.12258064516129032
0.5333333333333333
0.3466666666666667
0.1724137931034483
0.0
0.08045977011494253
0.024875621890547265
0.19391634980988592
0.057777777777777775
0.5699481865284974
0.06896551724137931
0.48205128205128206
0.2754491017964072
0.5058139534883721
0.4798206278026906
0.3390804597701149
?
?
?
?
?
?
?
?
?
?
?
?
?
?
?
?
?
?
?
?
0.6512820512820513
0.4942528735632184
0.125
0.35555555555555557
0.08139534883720931
0.8321167883211679
0.046511627906976744
0.009615384615384616
0.0
0.0
0.28426395939086296
0.21153846153846154
0.0
0.4304932735426009
0.41517857142857145
0.14367816091954022
0.8461538461538461
0.517948717948718
0.41935483870967744
0.28517110266159695
0.7488789237668162
0.30538922155688625
0.32642487046632124
0.03553299492385787
0.3333333333333333
0.09644670050761421
0.009615384615384616
0.16279069767441862
0.019230769230769232
0.06598984771573604
0.0
0.0
0.03225806451612903
0.17870722433460076
0.3111111111111111
0.7848837209302325
?
?
?
?
?
?
?
?
?
?
?
?
0.9225806451612903
0.41333333333333333
0.1935483870967742
0.015228426395939087
0.03553299492385787
0.0
0.0038022813688212928
0.4186046511627907
0.06696428571428571
0.25806451612903225
0.07462686567164178
0.2692307692307692
0.4496124031007752
0.600896860986547
0.3128205128205128
0.44516129032258067
0.05747126436781609
0.49612403100775193
0.07604562737642585
0.2
0.5641025641025641
0.4
0.12903225806451613
0.030456852791878174
0.06201550387596899
0.005076142131979695
0.018867924528301886
0.19767441860465115
0.27692307692307694
0.008333333333333333
0.313953488372093
0.030456852791878174
0.22580645161290322
0.09195402298850575
0.29069767441860467
0.28488372093023256
0.21524663677130046
0.07614213197969544
0.03980099502487562
0.09433962264150944
0.005747126436781609
0.07741935483870968
0.013392857142857142
0.20930232558139536
0.1016949152542373
0.046511627906976744
0.07096774193548387
0.017241379310344827
0.06217616580310881
0.005988023952095809
0.313953488372093
0.09375
0.015209125475285171
0.005076142131979695
0.023952095808383235
0.2692307692307692
0.5077720207253886
0.05161290322580645
0.563953488372093
0.47533632286995514
0.005988023952095809
0.22580645161290322
0.48205128205128206
0.04975124378109453
0.03980099502487562
0.5771144278606966
0.28444444444444444
0.07224334600760456
0.3269230769230769
0.14193548387096774
0.004166666666666667
0.059880239520958084
0.4418604651162791
0.13777777777777778
0.05472636815920398
0.18461538461538463
0.4306569343065693
0.11627906976744186
0.024875621890547265
0.3546511627906977
0.375
0.04568527918781726
0.03875968992248062
0.5287356321839081
0.14798206278026907
0.013333333333333334
0.13471502590673576
0.4491525423728814
0.010256410256410256
0.08139534883720931
0.3466666666666667
0.33183856502242154
0.0
0.020833333333333332
0.2248062015503876
0.18666666666666668
0.05747126436781609
0.5338983050847458
0.19555555555555557
0.12690355329949238
0.0038022813688212928
0.4067796610169492
0.18604651162790697
0.12578616352201258
0.779874213836478
0.583756345177665
0.4661016949152542
0.24352331606217617
0.016666666666666666
0.2980769230769231
0.5384615384615384
0.029166666666666667
0.441025641025641
0.025
0.38064516129032255
0.26222222222222225
0.01015228426395939
0.05970149253731343
0.23270440251572327
0.2538860103626943
0.6477987421383647
0.7096774193548387
0.3177966101694915
0.8490566037735849
0.16774193548387098
0.5635593220338984
0.14233576642335766
0.0
0.35
0.0
0.013452914798206279
0.10362694300518134
0.11442786069651742
0.0
0.1125
0.6205128205128205
0.3347457627118644
0.06896551724137931
0.7906976744186046
?
?
?
?
?
?
?
?
?
?
?
?
?
?
?
?
?
?
?
?
?
?
?
?
?
?
0.5508474576271186
0.3125
0.13846153846153847
0.019230769230769232
0.07960199004975124
0.1569767441860465
0.4425287356321839
0.1890547263681592
0.20754716981132076
0.3584905660377358
0.0945273631840796
0.029850746268656716
0.23255813953488372
0.40932642487046633
0.4439461883408072
0.05357142857142857
0.06598984771573604
0.023255813953488372
0.3333333333333333
0.049429657794676805
0.011627906976744186
0.16129032258064516
0.0
0.0
0.004975124378109453
0.007751937984496124
0.0
0.0
0.0
0.0
0.0064516129032258064
0.038461538461538464
0.20701754385964913
0.1569767441860465
0.041666666666666664
0.038461538461538464
0.06201550387596899
0.038461538461538464
0.2248062015503876
0.13953488372093023
0.05970149253731343
0.05333333333333334
0.06091370558375635
0.0440251572327044
0.004166666666666667
0.12403100775193798
0.03571428571428571
0.013333333333333334
0.008928571428571428
0.0
0.09125475285171103
0.0
0.0
0.2512820512820513
0.19230769230769232
0.05583756345177665
0.38461538461538464
0.011494252873563218
0.19186046511627908
0.04888888888888889
0.0
0.0
0.0
0.015209125475285171
0.2825112107623318
0.23076923076923078
0.04
0.6567796610169492
0.31840796019900497
0.0
0.031007751937984496
0.5025641025641026
0.16444444444444445
0.004166666666666667
0.2205128205128205
0.47096774193548385
0.06976744186046512
0.03553299492385787
0.25961538461538464
0.6313559322033898
0.06598984771573604
0.1288888888888889
0.5906735751295337
0.3741935483870968
0.01990049751243781
0.33548387096774196
0.567741935483871
0.32558139534883723
0.5891472868217055
0.6064516129032258
0.21705426356589147
0.009950248756218905
0.2980769230769231
0.4449152542372881
0.009950248756218905
0.20444444444444446
0.42487046632124353
0.07471264367816093
0.1896551724137931
0.4358974358974359
0.27555555555555555
0.02564102564102564
0.3178294573643411
0.3466666666666667
0.11627906976744186
0.1791044776119403
0.4461538461538462
0.08139534883720931
0.014925373134328358
0.09195402298850575
0.3855932203389831
0.008888888888888889
0.029850746268656716
0.3161290322580645
0.07096774193548387
0.26153846153846155
0.041666666666666664
0.14423076923076922
0.05426356589147287
0.4010152284263959
0.1032258064516129
0.01935483870967742
0.14367816091954022
0.05472636815920398
0.2205128205128205
0.06217616580310881
0.0
0.15920398009950248
0.10967741935483871
0.12408759124087591
0.05472636815920398
0.13471502590673576
0.4339622641509434
0.31446540880503143
0.3901345291479821
0.015503875968992248
0.4170403587443946
0.39080459770114945
0.09777777777777778
0.005076142131979695
0.21243523316062177
0.40875912408759124
0.014925373134328358
0.0
0.3546511627906977
0.019230769230769232
0.06204379562043796
0.004975124378109453
0.10666666666666667
0.025806451612903226
0.009950248756218905
0.10666666666666667
0.09302325581395349
0.034220532319391636
0.005747126436781609
0.11627906976744186
0.16444444444444445
0.008888888888888889
0.11442786069651742
0.10152284263959391
0.12043795620437957
0.015503875968992248
0.17829457364341086
0.31390134529147984
0.04060913705583756
0.145985401459854
0.4186046511627907
0.14193548387096774
0.007751937984496124
0.3487179487179487
0.3383084577114428
0.0
0.10077519379844961
0.2558139534883721
0.03389830508474576
0.0
0.09032258064516129
0.04035874439461883
0.0
0.0
0.009950248756218905
0.019230769230769232
0.15555555555555556
0.06451612903225806
0.6271186440677966
0.12408759124087591
0.21264367816091953
0.23316062176165803
0.05
0.005988023952095809
0.1346153846153846
0.3940677966101695
0.09615384615384616
0.16730038022813687
0.03571428571428571
0.0
0.0
0.0
0.0
0.0
0.0044444444444444444
0.0064516129032258064
0.05426356589147287
0.12578616352201258
0.29464285714285715
0.038461538461538464
0.0
0.0
0.0
0.0
0.0
0.0
0.0
0.0
0.10919540229885058
0.08176100628930817
0.34108527131782945
0.48444444444444446
0.3273542600896861
0.5042372881355932
0.6256410256410256
0.04583333333333333
0.36046511627906974
0.040697674418604654
0.023255813953488372
0.10062893081761007
0.0
0.0
0.03592814371257485
0.30357142857142855
0.5958549222797928
0.3557692307692308
0.4110169491525424
0.0
0.03571428571428571
0.0
0.025157232704402517
0.4489051094890511
0.672645739910314
0.038461538461538464
0.017241379310344827
0.004166666666666667
0.0
0.07096774193548387
0.46153846153846156
0.5865384615384616
0.6395348837209303
0.5178571428571429
0.14035087719298245
0.14166666666666666
0.022988505747126436
0.011627906976744186
0.09777777777777778
0.3029197080291971
0.12307692307692308
0.09166666666666666
0.16730038022813687
0.14798206278026907
0.3522012578616352
0.31555555555555553
0.5329949238578681
0.02030456852791878
0.09883720930232558
0.26744186046511625
0.5077720207253886
0.20512820512820512
0.011627906976744186
0.15833333333333333
0.3333333333333333
0.1032258064516129
0.4423076923076923
0.36923076923076925
0.18562874251497005
0.7979274611398963
0.3793103448275862
0.05172413793103448
0.4365482233502538
0.47115384615384615
0.17258883248730963
0.23563218390804597
0.6820512820512821
0.2512820512820513
0.5755813953488372
0.034482758620689655
0.43346007604562736
0.33678756476683935
0.25157232704402516
0.14427860696517414
0.44
0.3081761006289308
0.45739910313901344
0.2885572139303483
0.6269430051813472
0.9290322580645162
?
?
?
?
?
?
?
?
?
?
?
?
?
?
?
?
?
?
?
?
?
?
?
?
?
?
?
?
?
?
?
?
?
?
?
?
?
?
?
?
?
?
?
?
?
?
?
?
?
?
?
?
?
?
?
?
?
?
?
?
?
?
?
?
?
?
?
?
?
?
?
?
?
?
?
?
?
?
?
?
?
?
?
?
?
?
?
?
?
?
?
?
?
?
?
?
?
?
?
?
?
?
?
?
?
?
?
?
?
?
?
?
?
?
?
